3466709929
2636450624
1634355423
910745155
1247569274
1264737264
2081901239
3810194836
2225034913
2242394555
700573624
3699154164
2857566037
3549387043
843281229
1781924116
3908594271
4115519623
4003912555
713658904
1739107087
49912089
2091421263
1113063609
989634175
1903111695
2540502859
2532140561
1731466465
23471911
2920014445
4281816264
2175793354
2519951647
2307518131
90655517
3255894626
1436561371
903567816
1079930445
4124156269
62283326
1622372576
1915626409
4005883328
3725295555
2124358142
1536757168
3007069845
4093676648
3410561196
1881937335
3177077866
1068789346
3839779790
730523769
3458916933
2833697104
1269902628
3799534474
2117327309
3037449
4160476281
469998633
3067939216
3908728307
3170576516
1304339355
32621263
3063551029
3484845922
2360329834
3549040790
3059009390
3881504162
2593301374
782816514
3249127046
1568211983
608645024
4119156402
2448614047
2602030293
1281905924
975864574
4268667532
3966206562
2383568159
3428779037
206491256
1589140702
2860367663
1726676386
1681459990
3467620972
788149448
1613723139
910103281
2539060537
1510596480
