10
12345 54321
10000001 10000001
1471 124871781
147855 3
124214 333
11111110 11111101
894708701871047970147190754687549524757 1471471047197547517575105237517197527525
143371759754714719487397519752785 2317571751750197502875329875371757510577120385
5518638523275315470221668946058185505003744330891293738119081757263104479163411513325542654079224616230340680092032936026881216887060296451164927514143492400431155277968444463560541009086791929923225 7645234707946436115133976653120521424090742656394951981063381601888685532754908887407355811320969980313462939335016792168418072520664769578774357704403066124830518169755661817367607646579208415517428
8477547836616133021173499090353086149579680165996178589192260665034911342195779422326780679414071612930607561606267976979017851723678429045942146797430682441481186405945479739003738261955261318627147 6474105533315610634398252856723197016054944878254086985079595415992565336070551442048735236426212247094566950993706496517951805377489134304720748535124104858607370546011873446285536185077151832252971
111 222
222 333
